precision : 55.11596180081856
recall : 53.50993377483444
f-meassure : 54.30107526881721
precisiond : 66.89655172413794
recalld : 58.08383233532935
f-meassured : 62.17948717948718
precisions : 38.91752577319588
recalls : 49.67105263157895
f-meassures : 43.641618497109825
precisiont : 75.0
recallt : 45.348837209302324
f-meassuret : 56.521739130434774
precisionr : 81.25
recallr : 69.64285714285714
f-meassurer : 75.0
