precision : 63.60708534621578
recall : 55.167597765363126
f-meassure : 59.087509349289455
precisiond : 64.70588235294117
recalld : 61.49068322981367
f-meassured : 63.05732484076433
precisions : 64.98194945848375
recalls : 57.692307692307686
f-meassures : 61.12054329371816
precisiont : 59.45945945945946
recallt : 45.59585492227979
f-meassuret : 51.61290322580645
precisionr : 65.11627906976744
recallr : 56.00000000000001
f-meassurer : 60.21505376344087
