precision : 56.550580431177444
recall : 53.7007874015748
f-meassure : 55.088852988691436
precisiond : 70.70063694267516
recalld : 62.71186440677966
f-meassured : 66.46706586826348
precisions : 45.583038869257955
recalls : 45.583038869257955
f-meassures : 45.583038869257955
precisiont : 63.565891472868216
recallt : 59.42028985507246
f-meassuret : 61.423220973782776
precisionr : 55.88235294117647
recallr : 51.35135135135135
f-meassurer : 53.52112676056338
