precision : 58.421851289833086
recall : 48.42767295597484
f-meassure : 52.95735900962861
precisiond : 68.96551724137932
recalld : 52.40174672489083
f-meassured : 59.55334987593052
precisions : 49.8371335504886
recalls : 57.08955223880597
f-meassures : 53.217391304347835
precisiont : 61.29032258064516
recallt : 34.862385321100916
f-meassuret : 44.444444444444436
precisionr : 66.66666666666666
recallr : 45.0
f-meassurer : 53.731343283582085
