precision : 62.391681109185434
recall : 52.32558139534884
f-meassure : 56.91699604743083
precisiond : 66.66666666666666
recalld : 43.70860927152318
f-meassured : 52.79999999999999
precisions : 61.904761904761905
recalls : 64.19753086419753
f-meassures : 63.03030303030303
precisiont : 66.66666666666666
recallt : 43.92156862745098
f-meassuret : 52.95508274231678
precisionr : 44.827586206896555
recallr : 66.66666666666666
f-meassurer : 53.608247422680414
