precision : 57.44125326370757
recall : 59.78260869565217
f-meassure : 58.58854860186418
precisiond : 66.66666666666666
recalld : 65.57377049180327
f-meassured : 66.11570247933884
precisions : 68.70229007633588
recalls : 59.60264900662252
f-meassures : 63.829787234042556
precisiont : 40.44117647058824
recallt : 52.88461538461539
f-meassuret : 45.833333333333336
precisionr : 57.692307692307686
recallr : 69.76744186046511
f-meassurer : 63.1578947368421
