precision : 70.47619047619048
recall : 53.46820809248555
f-meassure : 60.805258833196376
precisiond : 80.53097345132744
recalld : 62.328767123287676
f-meassured : 70.27027027027027
precisions : 67.18146718146718
recalls : 58.19397993311036
f-meassures : 62.36559139784946
precisiont : 73.50427350427351
recallt : 40.95238095238095
f-meassuret : 52.599388379204896
precisionr : 52.77777777777778
recallr : 51.35135135135135
f-meassurer : 52.054794520547944
