precision : 67.81857451403887
recall : 42.95485636114911
f-meassure : 52.596314907872696
precisiond : 63.114754098360656
recalld : 48.42767295597484
f-meassured : 54.804270462633454
precisions : 73.39901477832512
recalls : 43.8235294117647
f-meassures : 54.88029465930018
precisiont : 62.62626262626263
recallt : 36.470588235294116
f-meassuret : 46.09665427509293
precisionr : 66.66666666666666
recallr : 41.935483870967744
f-meassurer : 51.48514851485149
