precision : 70.12089810017271
recall : 55.61643835616439
f-meassure : 62.03208556149733
precisiond : 75.0
recalld : 64.64088397790056
f-meassured : 69.43620178041543
precisions : 71.62162162162163
recalls : 53.355704697986575
f-meassures : 61.15384615384615
precisiont : 63.81578947368421
recallt : 49.48979591836735
f-meassuret : 55.747126436781606
precisionr : 67.3469387755102
recallr : 60.0
f-meassurer : 63.46153846153845
