precision : 58.12101910828026
recall : 52.51798561151079
f-meassure : 55.17762660619803
precisiond : 67.74193548387096
recalld : 67.37967914438502
f-meassured : 67.5603217158177
precisions : 68.72427983539094
recalls : 55.115511551155116
f-meassures : 61.17216117216117
precisiont : 30.909090909090907
recallt : 32.075471698113205
f-meassuret : 31.481481481481477
precisionr : 61.76470588235294
recallr : 45.65217391304348
f-meassurer : 52.49999999999999
