precision : 60.98901098901099
recall : 58.80794701986755
f-meassure : 59.87862440997978
precisiond : 69.23076923076923
recalld : 70.05988023952095
f-meassured : 69.64285714285714
precisions : 55.48172757475083
recalls : 54.93421052631579
f-meassures : 55.20661157024794
precisiont : 49.36708860759494
recallt : 45.348837209302324
f-meassuret : 47.27272727272727
precisionr : 82.0
recallr : 73.21428571428571
f-meassurer : 77.35849056603773
