precision : 67.1664167916042
recall : 62.56983240223464
f-meassure : 64.78669558929865
precisiond : 60.35502958579882
recalld : 63.35403726708074
f-meassured : 61.81818181818182
precisions : 71.12676056338029
recalls : 64.74358974358975
f-meassures : 67.78523489932887
precisiont : 62.1301775147929
recallt : 54.40414507772021
f-meassuret : 58.01104972375691
precisionr : 86.66666666666667
recallr : 78.0
f-meassurer : 82.10526315789473
