precision : 52.43589743589744
recall : 64.40944881889764
f-meassure : 57.80918727915194
precisiond : 67.04545454545455
recalld : 66.66666666666666
f-meassured : 66.85552407932012
precisions : 48.484848484848484
recalls : 62.19081272084806
f-meassures : 54.48916408668731
precisiont : 44.97607655502392
recallt : 68.11594202898551
f-meassuret : 54.178674351585016
precisionr : 65.625
recallr : 56.75675675675676
f-meassurer : 60.869565217391305
