precision : 63.30275229357798
recall : 52.075471698113205
f-meassure : 57.14285714285714
precisiond : 72.91666666666666
recalld : 61.135371179039296
f-meassured : 66.50831353919237
precisions : 50.70422535211267
recalls : 53.73134328358209
f-meassures : 52.17391304347826
precisiont : 72.56637168141593
recallt : 37.61467889908257
f-meassuret : 49.546827794561935
precisionr : 73.84615384615385
recallr : 60.0
f-meassurer : 66.20689655172414
