precision : 70.86330935251799
recall : 57.26744186046512
f-meassure : 63.344051446945336
precisiond : 68.38709677419355
recalld : 70.19867549668875
f-meassured : 69.281045751634
precisions : 71.36150234741784
recalls : 62.55144032921811
f-meassures : 66.66666666666666
precisiont : 84.7457627118644
recallt : 39.21568627450981
f-meassuret : 53.61930294906167
precisionr : 51.42857142857142
recallr : 92.3076923076923
f-meassurer : 66.05504587155961
