precision : 63.7906647807638
recall : 61.277173913043484
f-meassure : 62.50866250866251
precisiond : 78.47222222222221
recalld : 61.74863387978142
f-meassured : 69.11314984709479
precisions : 57.3170731707317
recalls : 62.251655629139066
f-meassures : 59.68253968253968
precisiont : 61.13989637305699
recallt : 56.730769230769226
f-meassuret : 58.85286783042394
precisionr : 76.19047619047619
recallr : 74.4186046511628
f-meassurer : 75.29411764705883
