precision : 68.91447368421053
recall : 60.54913294797688
f-meassure : 64.46153846153847
precisiond : 66.90140845070422
recalld : 65.06849315068493
f-meassured : 65.97222222222221
precisions : 67.82945736434108
recalls : 58.52842809364549
f-meassures : 62.83662477558349
precisiont : 73.14285714285714
recallt : 60.952380952380956
f-meassuret : 66.4935064935065
precisionr : 63.63636363636363
recallr : 56.75675675675676
f-meassurer : 59.99999999999999
