precision : 74.78260869565217
recall : 58.82352941176471
f-meassure : 65.8499234303216
precisiond : 77.77777777777779
recalld : 61.63522012578616
f-meassured : 68.7719298245614
precisions : 77.58007117437722
recalls : 64.11764705882354
f-meassures : 70.20933977455717
precisiont : 67.27272727272727
recallt : 43.529411764705884
f-meassuret : 52.857142857142854
precisionr : 68.96551724137932
recallr : 64.51612903225806
f-meassurer : 66.66666666666667
