precision : 70.67082683307332
recall : 62.054794520547944
f-meassure : 66.08315098468272
precisiond : 76.60818713450293
recalld : 72.37569060773481
f-meassured : 74.43181818181819
precisions : 76.38888888888889
recalls : 55.369127516778526
f-meassures : 64.2023346303502
precisiont : 60.40609137055838
recallt : 60.71428571428571
f-meassuret : 60.55979643765903
precisionr : 66.66666666666666
recallr : 69.0909090909091
f-meassurer : 67.85714285714286
