precision : 57.909604519774014
recall : 58.992805755395686
f-meassure : 58.44618674269423
precisiond : 69.14893617021278
recalld : 69.5187165775401
f-meassured : 69.33333333333334
precisions : 65.28301886792453
recalls : 57.0957095709571
f-meassures : 60.91549295774647
precisiont : 34.46601941747573
recallt : 44.65408805031446
f-meassuret : 38.90410958904109
precisionr : 73.46938775510205
recallr : 78.26086956521739
f-meassurer : 75.78947368421053
