precision : 57.04323570432357
recall : 54.17218543046357
f-meassure : 55.57065217391304
precisiond : 69.7841726618705
recalld : 58.08383233532935
f-meassured : 63.39869281045752
precisions : 51.186440677966104
recalls : 49.67105263157895
f-meassures : 50.41736227045076
precisiont : 43.24324324324324
recallt : 46.51162790697674
f-meassuret : 44.817927170868344
precisionr : 82.6530612244898
recallr : 72.32142857142857
f-meassurer : 77.14285714285714
