precision : 67.6056338028169
recall : 53.63128491620112
f-meassure : 59.81308411214953
precisiond : 69.10569105691057
recalld : 52.79503105590062
f-meassured : 59.859154929577464
precisions : 68.8
recalls : 55.12820512820513
f-meassures : 61.20996441281139
precisiont : 65.69343065693431
recallt : 46.63212435233161
f-meassuret : 54.54545454545455
precisionr : 63.793103448275865
recallr : 74.0
f-meassurer : 68.51851851851852
