precision : 55.67164179104478
recall : 58.740157480314956
f-meassure : 57.164750957854395
precisiond : 69.51219512195121
recalld : 64.40677966101694
f-meassured : 66.86217008797652
precisions : 46.76923076923077
recalls : 53.71024734982333
f-meassures : 50.0
precisiont : 60.66666666666667
recallt : 65.94202898550725
f-meassuret : 63.19444444444445
precisionr : 51.61290322580645
recallr : 43.24324324324324
f-meassurer : 47.05882352941176
