precision : 58.29528158295282
recall : 48.17610062893082
f-meassure : 52.75482093663912
precisiond : 71.27659574468085
recalld : 58.515283842794766
f-meassured : 64.26858513189448
precisions : 48.4
recalls : 45.149253731343286
f-meassures : 46.71814671814672
precisiont : 52.662721893491124
recallt : 40.825688073394495
f-meassuret : 45.99483204134366
precisionr : 78.0
recallr : 48.75
f-meassurer : 60.0
