precision : 56.05590062111801
recall : 52.470930232558146
f-meassure : 54.20420420420421
precisiond : 42.56410256410256
recalld : 54.966887417218544
f-meassured : 47.97687861271676
precisions : 61.8421052631579
recalls : 58.0246913580247
f-meassures : 59.87261146496815
precisiont : 67.48466257668711
recallt : 43.13725490196079
f-meassuret : 52.63157894736842
precisionr : 46.55172413793103
recallr : 69.23076923076923
f-meassurer : 55.670103092783506
