precision : 60.44117647058823
recall : 55.84239130434783
f-meassure : 58.050847457627114
precisiond : 51.11111111111111
recalld : 62.841530054644814
f-meassured : 56.372549019607845
precisions : 68.9922480620155
recalls : 58.94039735099338
f-meassures : 63.57142857142857
precisiont : 60.689655172413794
recallt : 42.30769230769231
f-meassuret : 49.858356940509914
precisionr : 57.692307692307686
recallr : 69.76744186046511
f-meassurer : 63.1578947368421
