precision : 65.70945945945947
recall : 56.21387283236994
f-meassure : 60.59190031152648
precisiond : 75.2
recalld : 64.38356164383562
f-meassured : 69.37269372693727
precisions : 73.22834645669292
recalls : 62.207357859531776
f-meassures : 67.26943942133815
precisiont : 50.54347826086957
recallt : 44.285714285714285
f-meassuret : 47.20812182741117
precisionr : 55.172413793103445
recallr : 43.24324324324324
f-meassurer : 48.484848484848484
