precision : 62.81833616298812
recall : 50.6155950752394
f-meassure : 56.06060606060606
precisiond : 65.28925619834712
recalld : 49.685534591194966
f-meassured : 56.42857142857143
precisions : 72.35772357723577
recalls : 52.352941176470594
f-meassures : 60.75085324232082
precisiont : 48.19277108433735
recallt : 47.05882352941176
f-meassuret : 47.61904761904761
precisionr : 58.92857142857143
recallr : 53.2258064516129
f-meassurer : 55.932203389830505
