precision : 68.130081300813
recall : 57.397260273972606
f-meassure : 62.30483271375464
precisiond : 76.55172413793103
recalld : 61.32596685082873
f-meassured : 68.09815950920246
precisions : 66.15384615384615
recalls : 57.71812080536913
f-meassures : 61.64874551971325
precisiont : 67.10526315789474
recallt : 52.04081632653062
f-meassuret : 58.62068965517242
precisionr : 58.620689655172406
recallr : 61.81818181818181
f-meassurer : 60.17699115044247
