precision : 60.24653312788906
recall : 56.25899280575539
f-meassure : 58.1845238095238
precisiond : 69.27083333333334
recalld : 71.12299465240642
f-meassured : 70.18469656992085
precisions : 73.06122448979592
recalls : 59.07590759075908
f-meassures : 65.32846715328466
precisiont : 31.03448275862069
recallt : 33.9622641509434
f-meassuret : 32.432432432432435
precisionr : 65.78947368421053
recallr : 54.347826086956516
f-meassurer : 59.523809523809526
