precision : 45.751633986928105
recall : 55.62913907284768
f-meassure : 50.20920502092051
precisiond : 59.183673469387756
recalld : 69.46107784431138
f-meassured : 63.91184573002754
precisions : 39.285714285714285
recalls : 50.6578947368421
f-meassures : 44.252873563218394
precisiont : 71.30434782608695
recallt : 47.674418604651166
f-meassuret : 57.142857142857146
precisionr : 31.627906976744185
recallr : 60.71428571428571
f-meassurer : 41.59021406727828
