precision : 56.12788632326821
recall : 44.134078212290504
f-meassure : 49.413604378420644
precisiond : 60.16260162601627
recalld : 45.962732919254655
f-meassured : 52.112676056338024
precisions : 71.21951219512195
recalls : 46.794871794871796
f-meassures : 56.479690522243715
precisiont : 61.34453781512605
recallt : 37.82383419689119
f-meassuret : 46.794871794871796
precisionr : 19.82758620689655
recallr : 46.0
f-meassurer : 27.710843373493976
