precision : 55.183413078149925
recall : 54.48818897637795
f-meassure : 54.83359746434231
precisiond : 68.78980891719745
recalld : 61.016949152542374
f-meassured : 64.67065868263472
precisions : 46.026490066225165
recalls : 49.11660777385159
f-meassures : 47.521367521367516
precisiont : 61.06870229007634
recallt : 57.971014492753625
f-meassuret : 59.479553903345725
precisionr : 51.35135135135135
recallr : 51.35135135135135
f-meassurer : 51.35135135135135
