precision : 44.226327944572745
recall : 48.17610062893082
f-meassure : 46.116797110174595
precisiond : 70.98765432098766
recalld : 50.21834061135371
f-meassured : 58.8235294117647
precisions : 61.43497757847533
recalls : 51.11940298507462
f-meassures : 55.804480651731154
precisiont : 27.176781002638524
recallt : 47.24770642201835
f-meassuret : 34.505862646566165
precisionr : 27.450980392156865
recallr : 35.0
f-meassurer : 30.76923076923077
