precision : 59.12897822445561
recall : 51.30813953488372
f-meassure : 54.94163424124513
precisiond : 44.148936170212764
recalld : 54.966887417218544
f-meassured : 48.96755162241888
precisions : 66.66666666666666
recalls : 56.79012345679012
f-meassures : 61.33333333333332
precisiont : 70.06369426751591
recallt : 43.13725490196079
f-meassuret : 53.398058252427184
precisionr : 48.888888888888886
recallr : 56.41025641025641
f-meassurer : 52.38095238095238
