precision : 50.84337349397591
recall : 57.33695652173913
f-meassure : 53.89527458492976
precisiond : 49.494949494949495
recalld : 53.551912568306015
f-meassured : 51.44356955380578
precisions : 68.77323420074349
recalls : 61.258278145695364
f-meassures : 64.7985989492119
precisiont : 48.29059829059829
recallt : 54.32692307692307
f-meassuret : 51.13122171945702
precisionr : 20.155038759689923
recallr : 60.46511627906976
f-meassurer : 30.232558139534877
