precision : 41.943127962085306
recall : 51.15606936416185
f-meassure : 46.09375000000001
precisiond : 36.496350364963504
recalld : 68.4931506849315
f-meassured : 47.61904761904763
precisions : 43.80664652567976
recalls : 48.49498327759198
f-meassures : 46.03174603174604
precisiont : 63.08724832214765
recallt : 44.761904761904766
f-meassuret : 52.36768802228412
precisionr : 16.666666666666664
recallr : 40.54054054054054
f-meassurer : 23.62204724409449
