precision : 55.41666666666667
recall : 54.58276333789329
f-meassure : 54.99655410062026
precisiond : 64.23357664233576
recalld : 55.34591194968554
f-meassured : 59.45945945945945
precisions : 58.529411764705884
recalls : 58.529411764705884
f-meassures : 58.52941176470589
precisiont : 60.0
recallt : 49.411764705882355
f-meassuret : 54.19354838709678
precisionr : 27.184466019417474
recallr : 45.16129032258064
f-meassurer : 33.93939393939394
