precision : 57.75075987841946
recall : 52.054794520547944
f-meassure : 54.75504322766571
precisiond : 76.55172413793103
recalld : 61.32596685082873
f-meassured : 68.09815950920246
precisions : 68.39622641509435
recalls : 48.65771812080537
f-meassures : 56.86274509803922
precisiont : 68.34532374100719
recallt : 48.46938775510204
f-meassuret : 56.71641791044777
precisionr : 17.901234567901234
recallr : 52.72727272727272
f-meassurer : 26.728110599078338
