precision : 38.78172588832488
recall : 54.96402877697841
f-meassure : 45.476190476190474
precisiond : 28.32512315270936
recalld : 61.49732620320856
f-meassured : 38.785834738617204
precisions : 55.34591194968554
recalls : 58.08580858085809
f-meassures : 56.682769726248
precisiont : 36.57142857142857
recallt : 40.25157232704403
f-meassuret : 38.32335329341318
precisionr : 31.3953488372093
recallr : 58.69565217391305
f-meassurer : 40.909090909090914
