precision : 61.10381077529566
recall : 61.58940397350994
f-meassure : 61.34564643799472
precisiond : 63.541666666666664
recalld : 73.05389221556887
f-meassured : 67.96657381615599
precisions : 53.29512893982808
recalls : 61.18421052631579
f-meassures : 56.96784073506892
precisiont : 66.4179104477612
recallt : 51.74418604651163
f-meassuret : 58.169934640522875
precisionr : 79.06976744186046
recallr : 60.71428571428571
f-meassurer : 68.68686868686869
