precision : 59.471365638766514
recall : 56.564245810055866
f-meassure : 57.9813886900501
precisiond : 65.359477124183
recalld : 62.11180124223602
f-meassured : 63.694267515923556
precisions : 61.62361623616236
recalls : 53.52564102564102
f-meassures : 57.289879931389365
precisiont : 52.97029702970298
recallt : 55.44041450777202
f-meassuret : 54.177215189873415
precisionr : 56.36363636363636
recallr : 62.0
f-meassurer : 59.04761904761905
