precision : 62.478184991274
recall : 56.37795275590551
f-meassure : 59.27152317880795
precisiond : 65.0
recalld : 66.10169491525424
f-meassured : 65.54621848739495
precisions : 65.47085201793722
recalls : 51.590106007067135
f-meassures : 57.70750988142292
precisiont : 58.69565217391305
recallt : 58.69565217391305
f-meassuret : 58.69565217391305
precisionr : 43.75
recallr : 37.83783783783784
f-meassurer : 40.57971014492754
