precision : 63.348416289592755
recall : 52.83018867924528
f-meassure : 57.61316872427983
precisiond : 69.23076923076923
recalld : 55.021834061135365
f-meassured : 61.31386861313868
precisions : 55.78231292517006
recalls : 61.19402985074627
f-meassures : 58.362989323843415
precisiont : 68.8
recallt : 39.44954128440367
f-meassuret : 50.14577259475218
precisionr : 70.96774193548387
recallr : 55.00000000000001
f-meassurer : 61.9718309859155
