precision : 63.92857142857142
recall : 52.03488372093024
f-meassure : 57.37179487179487
precisiond : 70.64220183486239
recalld : 50.993377483443716
f-meassured : 59.23076923076925
precisions : 63.829787234042556
recalls : 61.72839506172839
f-meassures : 62.76150627615063
precisiont : 63.80368098159509
recallt : 40.78431372549019
f-meassuret : 49.760765550239235
precisionr : 50.943396226415096
recallr : 69.23076923076923
f-meassurer : 58.69565217391304
