precision : 59.481582537517056
recall : 59.2391304347826
f-meassure : 59.360108917631045
precisiond : 78.08219178082192
recalld : 62.295081967213115
f-meassured : 69.30091185410335
precisions : 55.240793201133144
recalls : 64.56953642384106
f-meassures : 59.54198473282443
precisiont : 52.910052910052904
recallt : 48.07692307692308
f-meassuret : 50.37783375314862
precisionr : 60.0
recallr : 62.7906976744186
f-meassurer : 61.36363636363636
