precision : 59.6252129471891
recall : 50.57803468208093
f-meassure : 54.73025801407349
precisiond : 64.56692913385827
recalld : 56.16438356164384
f-meassured : 60.07326007326007
precisions : 70.51282051282051
recalls : 55.18394648829431
f-meassures : 61.91369606003752
precisiont : 43.97905759162304
recallt : 40.0
f-meassuret : 41.895261845386536
precisionr : 54.285714285714285
recallr : 51.35135135135135
f-meassurer : 52.77777777777777
