precision : 66.48936170212765
recall : 51.29958960328317
f-meassure : 57.91505791505791
precisiond : 67.62589928057554
recalld : 59.11949685534591
f-meassured : 63.087248322147644
precisions : 74.78632478632478
recalls : 51.470588235294116
f-meassures : 60.97560975609756
precisiont : 54.263565891472865
recallt : 41.17647058823529
f-meassuret : 46.82274247491639
precisionr : 58.06451612903226
recallr : 58.06451612903226
f-meassurer : 58.06451612903226
