precision : 67.04730831973899
recall : 56.3013698630137
f-meassure : 61.20625465376024
precisiond : 75.31645569620254
recalld : 65.74585635359117
f-meassured : 70.20648967551622
precisions : 68.60986547085201
recalls : 51.34228187919463
f-meassures : 58.733205374280224
precisiont : 58.88888888888889
recallt : 54.08163265306123
f-meassuret : 56.38297872340426
precisionr : 63.46153846153846
recallr : 60.0
f-meassurer : 61.68224299065421
