precision : 52.017291066282425
recall : 51.94244604316547
f-meassure : 51.97984161267099
precisiond : 67.37967914438502
recalld : 67.37967914438502
f-meassured : 67.37967914438502
precisions : 68.77828054298642
recalls : 50.165016501650165
f-meassures : 58.01526717557252
precisiont : 24.0
recallt : 37.735849056603776
f-meassuret : 29.3398533007335
precisionr : 63.888888888888886
recallr : 50.0
f-meassurer : 56.09756097560975
