precision : 63.75939849624061
recall : 56.158940397350996
f-meassure : 59.718309859154935
precisiond : 72.97297297297297
recalld : 64.67065868263472
f-meassured : 68.57142857142857
precisions : 55.44871794871795
recalls : 56.9078947368421
f-meassures : 56.16883116883117
precisiont : 61.15702479338842
recallt : 43.02325581395349
f-meassuret : 50.51194539249147
precisionr : 82.14285714285714
recallr : 61.60714285714286
f-meassurer : 70.40816326530613
