precision : 63.022508038585215
recall : 54.7486033519553
f-meassure : 58.59491778774291
precisiond : 68.30985915492957
recalld : 60.24844720496895
f-meassured : 64.02640264026402
precisions : 64.86486486486487
recalls : 53.84615384615385
f-meassures : 58.84413309982487
precisiont : 56.14035087719298
recallt : 49.740932642487046
f-meassuret : 52.747252747252745
precisionr : 62.0
recallr : 62.0
f-meassurer : 62.0
