precision : 57.89473684210527
recall : 51.96850393700787
f-meassure : 54.771784232365135
precisiond : 71.33333333333334
recalld : 60.451977401129945
f-meassured : 65.4434250764526
precisions : 51.63636363636363
recalls : 50.17667844522968
f-meassures : 50.896057347670244
precisiont : 56.779661016949156
recallt : 48.55072463768116
f-meassuret : 52.34375000000001
precisionr : 51.85185185185185
recallr : 37.83783783783784
f-meassurer : 43.75
