precision : 52.490421455938694
recall : 51.698113207547166
f-meassure : 52.091254752851704
precisiond : 65.15151515151516
recalld : 56.33187772925764
f-meassured : 60.42154566744731
precisions : 49.49152542372882
recalls : 54.47761194029851
f-meassures : 51.86500888099468
precisiont : 40.25423728813559
recallt : 43.57798165137615
f-meassuret : 41.85022026431718
precisionr : 75.92592592592592
recallr : 51.24999999999999
f-meassurer : 61.19402985074626
