precision : 56.10859728506787
recall : 54.06976744186046
f-meassure : 55.07031828275351
precisiond : 45.14563106796117
recalld : 61.58940397350994
f-meassured : 52.10084033613445
precisions : 60.546875
recalls : 63.78600823045267
f-meassures : 62.12424849699399
precisiont : 65.49295774647888
recallt : 36.470588235294116
f-meassuret : 46.85138539042821
precisionr : 52.54237288135594
recallr : 79.48717948717949
f-meassurer : 63.26530612244898
