precision : 63.559322033898304
recall : 61.141304347826086
f-meassure : 62.32686980609418
precisiond : 68.5
recalld : 74.86338797814209
f-meassured : 71.54046997389034
precisions : 66.17100371747212
recalls : 58.94039735099338
f-meassures : 62.34676007005254
precisiont : 54.95049504950495
recallt : 53.36538461538461
f-meassuret : 54.146341463414636
precisionr : 64.86486486486487
recallr : 55.81395348837209
f-meassurer : 60.0
