precision : 53.102453102453104
recall : 53.179190751445084
f-meassure : 53.14079422382672
precisiond : 73.10924369747899
recalld : 59.589041095890416
f-meassured : 65.66037735849056
precisions : 53.289473684210535
recalls : 54.18060200668896
f-meassures : 53.73134328358209
precisiont : 43.47826086956522
recallt : 47.61904761904761
f-meassuret : 45.454545454545446
precisionr : 47.5
recallr : 51.35135135135135
f-meassurer : 49.35064935064935
