precision : 68.63117870722434
recall : 49.3844049247606
f-meassure : 57.438345266507554
precisiond : 67.66917293233082
recalld : 56.60377358490566
f-meassured : 61.64383561643836
precisions : 77.72925764192141
recalls : 52.352941176470594
f-meassures : 62.56590509666082
precisiont : 52.38095238095239
recallt : 32.35294117647059
f-meassuret : 40.0
precisionr : 64.40677966101694
recallr : 61.29032258064516
f-meassurer : 62.8099173553719
