precision : 55.9254327563249
recall : 57.534246575342465
f-meassure : 56.71843349088454
precisiond : 70.48192771084338
recalld : 64.64088397790056
f-meassured : 67.43515850144094
precisions : 62.30769230769231
recalls : 54.36241610738255
f-meassures : 58.064516129032256
precisiont : 38.57677902621723
recallt : 52.55102040816326
f-meassuret : 44.49244060475162
precisionr : 65.51724137931035
recallr : 69.0909090909091
f-meassurer : 67.2566371681416
