precision : 57.096774193548384
recall : 50.935251798561154
f-meassure : 53.840304182509506
precisiond : 70.51282051282051
recalld : 58.82352941176471
f-meassured : 64.1399416909621
precisions : 63.96761133603239
recalls : 52.14521452145215
f-meassures : 57.45454545454545
precisiont : 52.88461538461539
recallt : 34.59119496855346
f-meassuret : 41.825095057034225
precisionr : 27.43362831858407
recallr : 67.3913043478261
f-meassurer : 38.9937106918239
