precision : 59.97304582210242
recall : 58.94039735099338
f-meassure : 59.45223780895123
precisiond : 72.78911564625851
recalld : 64.07185628742515
f-meassured : 68.15286624203821
precisions : 43.56435643564357
recalls : 57.89473684210527
f-meassures : 49.717514124293785
precisiont : 92.13483146067416
recallt : 47.674418604651166
f-meassuret : 62.83524904214559
precisionr : 78.43137254901961
recallr : 71.42857142857143
f-meassurer : 74.76635514018692
