precision : 71.28712871287128
recall : 60.33519553072626
f-meassure : 65.35552193645991
precisiond : 71.42857142857143
recalld : 65.21739130434783
f-meassured : 68.18181818181819
precisions : 74.04580152671755
recalls : 62.17948717948718
f-meassures : 67.59581881533101
precisiont : 63.81578947368421
recallt : 50.259067357512954
f-meassuret : 56.231884057971016
precisionr : 80.0
recallr : 72.0
f-meassurer : 75.78947368421052
