precision : 54.090909090909086
recall : 56.22047244094488
f-meassure : 55.13513513513513
precisiond : 47.67932489451477
recalld : 63.84180790960452
f-meassured : 54.589371980676326
precisions : 50.950570342205324
recalls : 47.349823321554766
f-meassures : 49.08424908424909
precisiont : 69.17293233082707
recallt : 66.66666666666666
f-meassuret : 67.89667896678966
precisionr : 66.66666666666666
recallr : 48.64864864864865
f-meassurer : 56.25
