precision : 67.85714285714286
recall : 54.9685534591195
f-meassure : 60.736622654621264
precisiond : 75.88235294117646
recalld : 56.33187772925764
f-meassured : 64.66165413533834
precisions : 54.137931034482754
recalls : 58.582089552238806
f-meassures : 56.27240143369175
precisiont : 79.83193277310924
recallt : 43.57798165137615
f-meassuret : 56.37982195845697
precisionr : 86.15384615384616
recallr : 70.0
f-meassurer : 77.24137931034483
