precision : 64.61538461538461
recall : 54.94186046511628
f-meassure : 59.387274155538094
precisiond : 46.26865671641791
recalld : 61.58940397350994
f-meassured : 52.84090909090909
precisions : 73.39449541284404
recalls : 65.84362139917695
f-meassures : 69.41431670281996
precisiont : 79.33884297520662
recallt : 37.64705882352941
f-meassuret : 51.06382978723405
precisionr : 64.44444444444444
recallr : 74.35897435897436
f-meassurer : 69.04761904761905
