precision : 75.08960573476703
recall : 56.92934782608695
f-meassure : 64.76043276661515
precisiond : 79.72027972027972
recalld : 62.295081967213115
f-meassured : 69.93865030674847
precisions : 77.82608695652173
recalls : 59.27152317880795
f-meassures : 67.29323308270678
precisiont : 67.6056338028169
recallt : 46.15384615384615
f-meassuret : 54.857142857142854
precisionr : 69.76744186046511
recallr : 69.76744186046511
f-meassurer : 69.76744186046511
