precision : 65.1685393258427
recall : 58.67052023121387
f-meassure : 61.749049429657795
precisiond : 78.33333333333333
recalld : 64.38356164383562
f-meassured : 70.67669172932331
precisions : 74.66666666666667
recalls : 56.187290969899664
f-meassures : 64.12213740458014
precisiont : 50.20242914979757
recallt : 59.04761904761905
f-meassuret : 54.26695842450766
precisionr : 64.51612903225806
recallr : 54.054054054054056
f-meassurer : 58.82352941176471
