precision : 71.20253164556962
recall : 61.64383561643836
f-meassure : 66.07929515418502
precisiond : 78.343949044586
recalld : 67.95580110497238
f-meassured : 72.7810650887574
precisions : 71.25984251968504
recalls : 60.738255033557046
f-meassures : 65.57971014492755
precisiont : 68.35443037974683
recallt : 55.10204081632652
f-meassuret : 61.01694915254237
precisionr : 60.317460317460316
recallr : 69.0909090909091
f-meassurer : 64.40677966101696
