precision : 63.59143327841845
recall : 55.539568345323744
f-meassure : 59.293394777265746
precisiond : 79.16666666666666
recalld : 60.962566844919785
f-meassured : 68.88217522658609
precisions : 71.13821138211382
recalls : 57.755775577557756
f-meassures : 63.75227686703097
precisiont : 37.714285714285715
recallt : 41.509433962264154
f-meassuret : 39.52095808383233
precisionr : 73.80952380952381
recallr : 67.3913043478261
f-meassurer : 70.45454545454545
