precision : 56.81818181818182
recall : 56.29139072847682
f-meassure : 56.553559547571524
precisiond : 64.91228070175438
recalld : 66.46706586826348
f-meassured : 65.68047337278108
precisions : 45.77259475218659
recalls : 51.64473684210527
f-meassures : 48.53168469860897
precisiont : 58.9041095890411
recallt : 50.0
f-meassuret : 54.08805031446541
precisionr : 80.68181818181817
recallr : 63.39285714285714
f-meassurer : 71.0
