precision : 57.38461538461539
recall : 52.0949720670391
f-meassure : 54.612005856515374
precisiond : 60.97560975609756
recalld : 62.11180124223602
f-meassured : 61.53846153846153
precisions : 69.43231441048034
recalls : 50.96153846153846
f-meassures : 58.78003696857671
precisiont : 40.845070422535215
recallt : 45.07772020725388
f-meassuret : 42.85714285714286
precisionr : 61.36363636363637
recallr : 54.0
f-meassurer : 57.4468085106383
