precision : 52.51479289940828
recall : 55.90551181102362
f-meassure : 54.15713196033561
precisiond : 61.98830409356725
recalld : 59.887005649717516
f-meassured : 60.919540229885065
precisions : 44.94047619047619
recalls : 53.35689045936396
f-meassures : 48.78836833602585
precisiont : 56.73758865248227
recallt : 57.971014492753625
f-meassuret : 57.34767025089606
precisionr : 64.28571428571429
recallr : 48.64864864864865
f-meassurer : 55.38461538461538
