precision : 60.78125
recall : 48.930817610062896
f-meassure : 54.21602787456447
precisiond : 75.17241379310344
recalld : 47.59825327510917
f-meassured : 58.288770053475936
precisions : 52.39616613418531
recalls : 61.19402985074627
f-meassures : 56.45438898450947
precisiont : 57.14285714285714
recallt : 33.02752293577982
f-meassuret : 41.86046511627907
precisionr : 78.57142857142857
recallr : 55.00000000000001
f-meassurer : 64.70588235294117
