precision : 51.19236883942766
recall : 46.80232558139535
f-meassure : 48.89901290812452
precisiond : 39.8936170212766
recalld : 49.668874172185426
f-meassured : 44.24778761061947
precisions : 49.46236559139785
recalls : 56.79012345679012
f-meassures : 52.8735632183908
precisiont : 75.0
recallt : 35.294117647058826
f-meassuret : 48.00000000000001
precisionr : 45.23809523809524
recallr : 48.717948717948715
f-meassurer : 46.91358024691358
