precision : 60.33519553072626
recall : 58.69565217391305
f-meassure : 59.50413223140496
precisiond : 66.87116564417178
recalld : 59.56284153005464
f-meassured : 63.005780346820806
precisions : 64.1891891891892
recalls : 62.913907284768214
f-meassures : 63.54515050167224
precisiont : 51.78571428571429
recallt : 55.769230769230774
f-meassuret : 53.70370370370371
precisionr : 51.515151515151516
recallr : 39.53488372093023
f-meassurer : 44.73684210526315
