precision : 52.275682704811445
recall : 58.092485549132945
f-meassure : 55.030800821355236
precisiond : 69.46564885496184
recalld : 62.328767123287676
f-meassured : 65.70397111913358
precisions : 61.83745583038869
recalls : 58.52842809364549
f-meassures : 60.13745704467354
precisiont : 34.84848484848485
recallt : 54.761904761904766
f-meassuret : 42.592592592592595
precisionr : 84.0
recallr : 56.75675675675676
f-meassurer : 67.74193548387096
