precision : 51.99034981905911
recall : 58.96032831737345
f-meassure : 55.256410256410255
precisiond : 55.932203389830505
recalld : 62.264150943396224
f-meassured : 58.92857142857142
precisions : 62.05882352941177
recalls : 62.05882352941177
f-meassures : 62.05882352941177
precisiont : 35.10204081632653
recallt : 50.588235294117645
f-meassuret : 41.44578313253012
precisionr : 52.23880597014925
recallr : 56.451612903225815
f-meassurer : 54.26356589147287
