precision : 64.573268921095
recall : 54.93150684931507
f-meassure : 59.363434492968175
precisiond : 67.58241758241759
recalld : 67.95580110497238
f-meassured : 67.76859504132231
precisions : 70.9090909090909
recalls : 52.348993288590606
f-meassures : 60.231660231660236
precisiont : 56.875
recallt : 46.42857142857143
f-meassuret : 51.12359550561798
precisionr : 52.54237288135594
recallr : 56.36363636363636
f-meassurer : 54.3859649122807
