precision : 45.82309582309582
recall : 53.669064748201436
f-meassure : 49.4367130550033
precisiond : 51.028806584362144
recalld : 66.31016042780749
f-meassured : 57.674418604651166
precisions : 49.523809523809526
recalls : 51.48514851485149
f-meassures : 50.48543689320389
precisiont : 31.92488262910798
recallt : 42.76729559748428
f-meassuret : 36.55913978494624
precisionr : 58.139534883720934
recallr : 54.347826086956516
f-meassurer : 56.179775280898866
