precision : 62.44604316546762
recall : 57.48344370860927
f-meassure : 59.86206896551724
precisiond : 69.32515337423312
recalld : 67.66467065868264
f-meassured : 68.48484848484848
precisions : 58.76288659793815
recalls : 56.25
f-meassures : 57.47899159663866
precisiont : 48.64864864864865
recallt : 41.86046511627907
f-meassuret : 45.00000000000001
precisionr : 83.87096774193549
recallr : 69.64285714285714
f-meassurer : 76.09756097560975
