precision : 72.1170395869191
recall : 58.5195530726257
f-meassure : 64.6106399383192
precisiond : 71.73913043478261
recalld : 61.49068322981367
f-meassured : 66.22073578595317
precisions : 78.63636363636364
recalls : 55.44871794871795
f-meassures : 65.03759398496241
precisiont : 62.06896551724138
recallt : 55.95854922279793
f-meassuret : 58.85558583106267
precisionr : 79.59183673469387
recallr : 78.0
f-meassurer : 78.78787878787878
