precision : 57.32946298984035
recall : 62.20472440944882
f-meassure : 59.66767371601208
precisiond : 55.70175438596491
recalld : 71.75141242937853
f-meassured : 62.71604938271605
precisions : 51.49501661129568
recalls : 54.77031802120141
f-meassures : 53.082191780821915
precisiont : 69.11764705882352
recallt : 68.11594202898551
f-meassuret : 68.61313868613139
precisionr : 79.16666666666666
recallr : 51.35135135135135
f-meassurer : 62.2950819672131
