precision : 63.29113924050633
recall : 56.60377358490566
f-meassure : 59.76095617529881
precisiond : 78.91566265060241
recalld : 57.20524017467249
f-meassured : 66.32911392405065
precisions : 50.16722408026756
recalls : 55.970149253731336
f-meassures : 52.910052910052904
precisiont : 63.53591160220995
recallt : 52.752293577981646
f-meassuret : 57.64411027568922
precisionr : 83.07692307692308
recallr : 67.5
f-meassurer : 74.48275862068965
