precision : 65.48387096774194
recall : 59.01162790697675
f-meassure : 62.079510703363916
precisiond : 54.49438202247191
recalld : 64.23841059602648
f-meassured : 58.96656534954407
precisions : 66.14173228346458
recalls : 69.1358024691358
f-meassures : 67.6056338028169
precisiont : 80.43478260869566
recallt : 43.529411764705884
f-meassuret : 56.48854961832061
precisionr : 60.0
recallr : 76.92307692307693
f-meassurer : 67.41573033707866
