precision : 72.58620689655172
recall : 57.20108695652174
f-meassure : 63.98176291793313
precisiond : 78.125
recalld : 68.30601092896174
f-meassured : 72.8862973760933
precisions : 74.36974789915966
recalls : 58.609271523178805
f-meassures : 65.55555555555556
precisiont : 64.38356164383562
recallt : 45.19230769230769
f-meassuret : 53.10734463276836
precisionr : 69.44444444444444
recallr : 58.139534883720934
f-meassurer : 63.291139240506325
