precision : 64.50079239302694
recall : 58.8150289017341
f-meassure : 61.52683295540439
precisiond : 69.06474820143885
recalld : 65.75342465753424
f-meassured : 67.36842105263158
precisions : 72.44094488188976
recalls : 61.53846153846154
f-meassures : 66.54611211573237
precisiont : 52.450980392156865
recallt : 50.95238095238095
f-meassuret : 51.690821256038646
precisionr : 58.82352941176471
recallr : 54.054054054054056
f-meassurer : 56.338028169014095
