precision : 72.9636048526863
recall : 57.59233926128591
f-meassure : 64.37308868501529
precisiond : 75.0
recalld : 56.60377358490566
f-meassured : 64.51612903225806
precisions : 77.90262172284645
recalls : 61.1764705882353
f-meassures : 68.53377265238879
precisiont : 61.029411764705884
recallt : 48.8235294117647
f-meassuret : 54.2483660130719
precisionr : 74.07407407407408
recallr : 64.51612903225806
f-meassurer : 68.96551724137932
