precision : 67.97583081570997
recall : 61.64383561643836
f-meassure : 64.6551724137931
precisiond : 79.35483870967742
recalld : 67.95580110497238
f-meassured : 73.21428571428572
precisions : 69.63562753036437
recalls : 57.71812080536913
f-meassures : 63.11926605504588
precisiont : 61.702127659574465
recallt : 59.183673469387756
f-meassuret : 60.41666666666667
precisionr : 54.166666666666664
recallr : 70.9090909090909
f-meassurer : 61.41732283464567
