precision : 59.38748335552596
recall : 64.1726618705036
f-meassure : 61.68741355463347
precisiond : 67.96116504854369
recalld : 74.8663101604278
f-meassured : 71.24681933842238
precisions : 64.82084690553745
recalls : 65.67656765676567
f-meassures : 65.24590163934427
precisiont : 37.89473684210527
recallt : 45.28301886792453
f-meassuret : 41.260744985673355
precisionr : 72.91666666666666
recallr : 76.08695652173914
f-meassurer : 74.46808510638297
