precision : 64.58923512747874
recall : 60.397350993377486
f-meassure : 62.42299794661191
precisiond : 67.03296703296702
recalld : 73.05389221556887
f-meassured : 69.91404011461317
precisions : 53.41246290801187
recalls : 59.210526315789465
f-meassures : 56.162246489859584
precisiont : 89.01098901098901
recallt : 47.093023255813954
f-meassuret : 61.59695817490494
precisionr : 76.04166666666666
recallr : 65.17857142857143
f-meassurer : 70.19230769230771
