precision : 66.77067082683308
recall : 59.77653631284916
f-meassure : 63.080324244657334
precisiond : 66.92307692307692
recalld : 54.037267080745345
f-meassured : 59.7938144329897
precisions : 71.15384615384616
recalls : 59.294871794871796
f-meassures : 64.68531468531468
precisiont : 58.82352941176471
recallt : 62.17616580310881
f-meassuret : 60.45340050377833
precisionr : 76.59574468085107
recallr : 72.0
f-meassurer : 74.22680412371136
