precision : 55.646258503401356
recall : 64.40944881889764
f-meassure : 59.70802919708029
precisiond : 69.10112359550563
recalld : 69.49152542372882
f-meassured : 69.29577464788733
precisions : 47.368421052631575
recalls : 60.42402826855123
f-meassures : 53.1055900621118
precisiont : 57.396449704142015
recallt : 70.28985507246377
f-meassuret : 63.192182410423456
precisionr : 66.66666666666666
recallr : 48.64864864864865
f-meassurer : 56.25
