precision : 62.78089887640449
recall : 56.22641509433962
f-meassure : 59.323158593231575
precisiond : 72.82051282051282
recalld : 62.00873362445415
f-meassured : 66.9811320754717
precisions : 50.30487804878049
recalls : 61.56716417910447
f-meassures : 55.36912751677852
precisiont : 73.2824427480916
recallt : 44.03669724770643
f-meassuret : 55.01432664756447
precisionr : 75.86206896551724
recallr : 55.00000000000001
f-meassurer : 63.76811594202899
