precision : 70.78039927404718
recall : 56.68604651162791
f-meassure : 62.95399515738499
precisiond : 73.77049180327869
recalld : 59.60264900662252
f-meassured : 65.93406593406594
precisions : 65.9919028340081
recalls : 67.07818930041152
f-meassures : 66.53061224489797
precisiont : 80.3030303030303
recallt : 41.568627450980394
f-meassuret : 54.78036175710594
precisionr : 62.0
recallr : 79.48717948717949
f-meassurer : 69.6629213483146
