precision : 57.89473684210527
recall : 65.76086956521739
f-meassure : 61.57760814249364
precisiond : 41.5041782729805
recalld : 81.4207650273224
f-meassured : 54.981549815498155
precisions : 80.18018018018019
recalls : 58.94039735099338
f-meassures : 67.93893129770993
precisiont : 61.57635467980296
recallt : 60.09615384615385
f-meassuret : 60.827250608272514
precisionr : 61.53846153846154
recallr : 74.4186046511628
f-meassurer : 67.36842105263159
