precision : 69.29133858267717
recall : 63.58381502890174
f-meassure : 66.31499623210249
precisiond : 68.62745098039215
recalld : 71.91780821917808
f-meassured : 70.23411371237458
precisions : 67.56756756756756
recalls : 66.88963210702342
f-meassures : 67.22689075630252
precisiont : 75.97402597402598
recallt : 55.714285714285715
f-meassuret : 64.28571428571429
precisionr : 56.25
recallr : 48.64864864864865
f-meassurer : 52.173913043478265
