precision : 66.32825719120136
recall : 53.62517099863201
f-meassure : 59.304084720121025
precisiond : 70.13888888888889
recalld : 63.52201257861635
f-meassured : 66.66666666666667
precisions : 77.21518987341773
recalls : 53.8235294117647
f-meassures : 63.43154246100521
precisiont : 46.3855421686747
recallt : 45.294117647058826
f-meassuret : 45.83333333333334
precisionr : 70.45454545454545
recallr : 50.0
f-meassurer : 58.490566037735846
