precision : 68.86035313001605
recall : 58.76712328767123
f-meassure : 63.414634146341456
precisiond : 83.80281690140845
recalld : 65.74585635359117
f-meassured : 73.6842105263158
precisions : 69.63562753036437
recalls : 57.71812080536913
f-meassures : 63.11926605504588
precisiont : 61.27167630057804
recallt : 54.08163265306123
f-meassuret : 57.452574525745256
precisionr : 52.459016393442624
recallr : 58.18181818181818
f-meassurer : 55.172413793103445
