precision : 55.58408215661104
recall : 62.302158273381295
f-meassure : 58.7516960651289
precisiond : 61.00917431192661
recalld : 71.12299465240642
f-meassured : 65.67901234567901
precisions : 66.19217081850533
recalls : 61.386138613861384
f-meassures : 63.69863013698629
precisiont : 35.21739130434783
recallt : 50.943396226415096
f-meassuret : 41.645244215938305
precisionr : 66.0
recallr : 71.73913043478261
f-meassurer : 68.74999999999999
