precision : 51.50060024009604
recall : 56.82119205298013
f-meassure : 54.03022670025189
precisiond : 64.08839779005525
recalld : 69.46107784431138
f-meassured : 66.66666666666669
precisions : 46.0559796437659
recalls : 59.539473684210535
f-meassures : 51.93687230989958
precisiont : 40.106951871657756
recallt : 43.604651162790695
f-meassuret : 41.78272980501393
precisionr : 79.16666666666666
recallr : 50.89285714285714
f-meassurer : 61.95652173913043
