precision : 52.6148969889065
recall : 46.36871508379888
f-meassure : 49.29472902746845
precisiond : 62.04379562043796
recalld : 52.79503105590062
f-meassured : 57.04697986577181
precisions : 63.1578947368421
recalls : 46.15384615384615
f-meassures : 53.33333333333333
precisiont : 35.622317596566525
recallt : 43.005181347150256
f-meassuret : 38.967136150234744
precisionr : 60.60606060606061
recallr : 40.0
f-meassurer : 48.19277108433735
