precision : 54.360465116279066
recall : 58.89763779527559
f-meassure : 56.53817082388511
precisiond : 67.72151898734177
recalld : 60.451977401129945
f-meassured : 63.88059701492538
precisions : 45.348837209302324
recalls : 55.12367491166078
f-meassures : 49.760765550239235
precisiont : 65.71428571428571
recallt : 66.66666666666666
f-meassuret : 66.18705035971223
precisionr : 41.30434782608695
recallr : 51.35135135135135
f-meassurer : 45.78313253012049
