precision : 58.549222797927456
recall : 42.64150943396226
f-meassure : 49.34497816593887
precisiond : 71.91780821917808
recalld : 45.851528384279476
f-meassured : 56.0
precisions : 49.46619217081851
recalls : 51.865671641791046
f-meassures : 50.637522768670316
precisiont : 56.75675675675676
recallt : 28.899082568807337
f-meassuret : 38.29787234042553
precisionr : 78.04878048780488
recallr : 40.0
f-meassurer : 52.892561983471076
