precision : 65.44117647058823
recall : 51.74418604651163
f-meassure : 57.7922077922078
precisiond : 65.78947368421053
recalld : 49.668874172185426
f-meassured : 56.60377358490566
precisions : 61.003861003861005
recalls : 65.02057613168725
f-meassures : 62.94820717131474
precisiont : 78.90625
recallt : 39.6078431372549
f-meassuret : 52.74151436031332
precisionr : 51.162790697674424
recallr : 56.41025641025641
f-meassurer : 53.65853658536585
