precision : 70.77205882352942
recall : 52.309782608695656
f-meassure : 60.15625000000001
precisiond : 77.03703703703704
recalld : 56.830601092896174
f-meassured : 65.40880503144655
precisions : 73.49397590361446
recalls : 60.59602649006622
f-meassures : 66.42468239564428
precisiont : 60.0
recallt : 38.94230769230769
f-meassuret : 47.23032069970845
precisionr : 68.0
recallr : 39.53488372093023
f-meassurer : 50.0
