precision : 65.51181102362204
recall : 60.115606936416185
f-meassure : 62.69781461944235
precisiond : 70.2127659574468
recalld : 67.8082191780822
f-meassured : 68.98954703832753
precisions : 71.6
recalls : 59.86622073578596
f-meassures : 65.20947176684882
precisiont : 56.19047619047619
recallt : 56.19047619047619
f-meassuret : 56.1904761904762
precisionr : 58.82352941176471
recallr : 54.054054054054056
f-meassurer : 56.338028169014095
