precision : 58.42880523731587
recall : 48.837209302325576
f-meassure : 53.204172876304014
precisiond : 68.42105263157895
recalld : 49.056603773584904
f-meassured : 57.14285714285714
precisions : 72.80334728033473
recalls : 51.17647058823529
f-meassures : 60.10362694300518
precisiont : 36.44444444444444
recallt : 48.23529411764706
f-meassuret : 41.518987341772146
precisionr : 69.6969696969697
recallr : 37.096774193548384
f-meassurer : 48.421052631578945
