precision : 69.52714535901926
recall : 54.38356164383562
f-meassure : 61.029976940814755
precisiond : 75.6578947368421
recalld : 63.53591160220995
f-meassured : 69.06906906906906
precisions : 67.84140969162996
recalls : 51.67785234899329
f-meassures : 58.666666666666664
precisiont : 69.38775510204081
recallt : 52.04081632653062
f-meassuret : 59.47521865889213
precisionr : 57.77777777777777
recallr : 47.27272727272727
f-meassurer : 52.0
