precision : 57.99999999999999
recall : 50.07194244604316
f-meassure : 53.74517374517374
precisiond : 71.15384615384616
recalld : 59.35828877005348
f-meassured : 64.72303206997086
precisions : 66.39344262295081
recalls : 53.46534653465347
f-meassures : 59.23217550274223
precisiont : 31.547619047619047
recallt : 33.33333333333333
f-meassuret : 32.41590214067278
precisionr : 68.75
recallr : 47.82608695652174
f-meassurer : 56.41025641025641
