precision : 56.35036496350365
recall : 51.12582781456953
f-meassure : 53.611111111111114
precisiond : 70.71428571428572
recalld : 59.2814371257485
f-meassured : 64.49511400651465
precisions : 51.70068027210885
recalls : 50.0
f-meassures : 50.836120401337794
precisiont : 41.07142857142857
recallt : 40.116279069767444
f-meassuret : 40.588235294117645
precisionr : 79.51807228915662
recallr : 58.92857142857143
f-meassurer : 67.69230769230768
