precision : 63.74999999999999
recall : 49.86033519553072
f-meassure : 55.95611285266457
precisiond : 66.40625
recalld : 52.79503105590062
f-meassured : 58.82352941176471
precisions : 66.8122270742358
recalls : 49.03846153846153
f-meassures : 56.5619223659889
precisiont : 58.75
recallt : 48.704663212435236
f-meassuret : 53.257790368271955
precisionr : 58.139534883720934
recallr : 50.0
f-meassurer : 53.76344086021506
