precision : 53.45622119815668
recall : 54.803149606299215
f-meassure : 54.121306376360806
precisiond : 65.82278481012658
recalld : 58.75706214689266
f-meassured : 62.089552238805965
precisions : 45.40059347181009
recalls : 54.06360424028268
f-meassures : 49.35483870967742
precisiont : 60.0
recallt : 56.52173913043478
f-meassuret : 58.2089552238806
precisionr : 50.0
recallr : 35.13513513513514
f-meassurer : 41.26984126984127
