precision : 58.44961240310077
recall : 47.42138364779874
f-meassure : 52.36111111111111
precisiond : 75.47169811320755
recalld : 52.40174672489083
f-meassured : 61.855670103092784
precisions : 46.808510638297875
recalls : 49.25373134328358
f-meassures : 48.00000000000001
precisiont : 56.42857142857143
recallt : 36.23853211009174
f-meassuret : 44.1340782122905
precisionr : 71.875
recallr : 57.49999999999999
f-meassurer : 63.88888888888887
