precision : 63.89413988657845
recall : 49.127906976744185
f-meassure : 55.54642563681183
precisiond : 64.56692913385827
recalld : 54.3046357615894
f-meassured : 58.99280575539568
precisions : 72.06703910614524
recalls : 53.086419753086425
f-meassures : 61.13744075829384
precisiont : 61.963190184049076
recallt : 39.6078431372549
f-meassuret : 48.325358851674636
precisionr : 43.333333333333336
recallr : 66.66666666666666
f-meassurer : 52.52525252525252
