precision : 70.09966777408638
recall : 57.33695652173913
f-meassure : 63.079222720478334
precisiond : 80.92105263157895
recalld : 67.21311475409836
f-meassured : 73.43283582089552
precisions : 69.80392156862744
recalls : 58.94039735099338
f-meassures : 63.913824057450626
precisiont : 60.13513513513513
recallt : 42.78846153846153
f-meassuret : 50.0
precisionr : 68.08510638297872
recallr : 74.4186046511628
f-meassurer : 71.1111111111111
