precision : 69.23076923076923
recall : 53.32369942196532
f-meassure : 60.244897959183675
precisiond : 76.19047619047619
recalld : 65.75342465753424
f-meassured : 70.58823529411764
precisions : 71.88940092165899
recalls : 52.17391304347826
f-meassures : 60.46511627906977
precisiont : 63.63636363636363
recallt : 46.666666666666664
f-meassuret : 53.84615384615385
precisionr : 52.77777777777778
recallr : 51.35135135135135
f-meassurer : 52.054794520547944
