precision : 55.72842998585573
recall : 53.898768809849514
f-meassure : 54.79833101529902
precisiond : 44.97816593886463
recalld : 64.77987421383648
f-meassured : 53.09278350515463
precisions : 70.07575757575758
recalls : 54.41176470588235
f-meassures : 61.25827814569536
precisiont : 49.71098265895954
recallt : 50.588235294117645
f-meassuret : 50.145772594752195
precisionr : 48.78048780487805
recallr : 32.25806451612903
f-meassurer : 38.834951456310684
