precision : 63.52201257861635
recall : 55.342465753424655
f-meassure : 59.150805270863835
precisiond : 62.5
recalld : 71.8232044198895
f-meassured : 66.83804627249356
precisions : 66.19047619047619
recalls : 46.644295302013425
f-meassures : 54.7244094488189
precisiont : 64.07185628742515
recallt : 54.59183673469388
f-meassuret : 58.95316804407714
precisionr : 54.90196078431373
recallr : 50.90909090909091
f-meassurer : 52.83018867924528
