precision : 59.08372827804107
recall : 53.81294964028777
f-meassure : 56.32530120481928
precisiond : 67.36842105263158
recalld : 68.44919786096256
f-meassured : 67.90450928381962
precisions : 68.16326530612244
recalls : 55.115511551155116
f-meassures : 60.94890510948905
precisiont : 32.91925465838509
recallt : 33.33333333333333
f-meassuret : 33.12499999999999
precisionr : 70.27027027027027
recallr : 56.52173913043478
f-meassurer : 62.65060240963855
