precision : 59.47802197802198
recall : 57.35099337748344
f-meassure : 58.39514497639919
precisiond : 68.90243902439023
recalld : 67.66467065868264
f-meassured : 68.27794561933534
precisions : 51.26582278481012
recalls : 53.289473684210535
f-meassures : 52.25806451612904
precisiont : 51.4792899408284
recallt : 50.58139534883721
f-meassuret : 51.02639296187684
precisionr : 89.87341772151899
recallr : 63.39285714285714
f-meassurer : 74.34554973821989
