precision : 65.7556270096463
recall : 57.12290502793296
f-meassure : 61.13602391629298
precisiond : 69.23076923076923
recalld : 50.31055900621118
f-meassured : 58.273381294964025
precisions : 64.28571428571429
recalls : 63.46153846153846
f-meassures : 63.87096774193548
precisiont : 64.23841059602648
recallt : 50.259067357512954
f-meassuret : 56.395348837209305
precisionr : 71.73913043478261
recallr : 66.0
f-meassurer : 68.74999999999999
