precision : 56.268221574344025
recall : 60.78740157480315
f-meassure : 58.44057532172596
precisiond : 69.46107784431138
recalld : 65.5367231638418
f-meassured : 67.44186046511626
precisions : 46.56716417910447
recalls : 55.12367491166078
f-meassures : 50.485436893203875
precisiont : 62.0253164556962
recallt : 71.01449275362319
f-meassuret : 66.21621621621621
precisionr : 61.53846153846154
recallr : 43.24324324324324
f-meassurer : 50.7936507936508
