precision : 63.543191800878475
recall : 54.59119496855346
f-meassure : 58.72801082543979
precisiond : 70.78651685393258
recalld : 55.021834061135365
f-meassured : 61.91646191646191
precisions : 54.25531914893617
recalls : 57.08955223880597
f-meassures : 55.63636363636363
precisiont : 69.38775510204081
recallt : 46.788990825688074
f-meassuret : 55.89041095890411
precisionr : 69.73684210526315
recallr : 66.25
f-meassurer : 67.94871794871796
