precision : 62.34676007005254
recall : 51.74418604651163
f-meassure : 56.55281969817315
precisiond : 42.04545454545455
recalld : 49.00662251655629
f-meassured : 45.259938837920494
precisions : 67.11111111111111
recalls : 62.139917695473244
f-meassures : 64.52991452991452
precisiont : 81.203007518797
recallt : 42.35294117647059
f-meassuret : 55.67010309278351
precisionr : 62.16216216216216
recallr : 58.97435897435898
f-meassurer : 60.52631578947369
