precision : 77.59674134419552
recall : 51.766304347826086
f-meassure : 62.10268948655256
precisiond : 75.81699346405229
recalld : 63.387978142076506
f-meassured : 69.04761904761905
precisions : 80.09478672985783
recalls : 55.960264900662246
f-meassures : 65.8869395711501
precisiont : 72.72727272727273
recallt : 34.61538461538461
f-meassuret : 46.90553745928338
precisionr : 85.71428571428571
recallr : 55.81395348837209
f-meassurer : 67.60563380281691
