precision : 55.31295487627366
recall : 54.91329479768786
f-meassure : 55.11240029006527
precisiond : 69.40298507462687
recalld : 63.6986301369863
f-meassured : 66.42857142857143
precisions : 54.43037974683544
recalls : 57.52508361204013
f-meassures : 55.93495934959349
precisiont : 46.948356807511736
recallt : 47.61904761904761
f-meassuret : 47.28132387706855
precisionr : 62.5
recallr : 40.54054054054054
f-meassurer : 49.18032786885246
