precision : 71.59468438538205
recall : 58.96032831737345
f-meassure : 64.6661665416354
precisiond : 77.34375
recalld : 62.264150943396224
f-meassured : 68.98954703832753
precisions : 69.6969696969697
recalls : 60.882352941176464
f-meassures : 64.99215070643642
precisiont : 68.70229007633588
recallt : 52.94117647058824
f-meassuret : 59.80066445182725
precisionr : 76.08695652173914
recallr : 56.451612903225815
f-meassurer : 64.81481481481482
