precision : 67.0196671709531
recall : 60.68493150684932
f-meassure : 63.69518332135155
precisiond : 69.5187165775401
recalld : 71.8232044198895
f-meassured : 70.65217391304348
precisions : 71.95121951219512
recalls : 59.395973154362416
f-meassures : 65.07352941176471
precisiont : 61.53846153846154
recallt : 53.06122448979592
f-meassuret : 56.98630136986302
precisionr : 54.23728813559322
recallr : 58.18181818181818
f-meassurer : 56.14035087719297
