precision : 60.239162929745895
recall : 57.985611510791365
f-meassure : 59.09090909090909
precisiond : 66.99507389162561
recalld : 72.72727272727273
f-meassured : 69.74358974358974
precisions : 68.59504132231406
recalls : 54.78547854785478
f-meassures : 60.91743119266055
precisiont : 38.70967741935484
recallt : 45.28301886792453
f-meassuret : 41.73913043478261
precisionr : 76.31578947368422
recallr : 63.04347826086957
f-meassurer : 69.04761904761905
