precision : 62.5748502994012
recall : 55.36423841059602
f-meassure : 58.74912157413914
precisiond : 67.45562130177515
recalld : 68.26347305389223
f-meassured : 67.85714285714286
precisions : 53.69774919614147
recalls : 54.93421052631579
f-meassures : 54.3089430894309
precisiont : 69.23076923076923
recallt : 41.86046511627907
f-meassuret : 52.17391304347826
precisionr : 77.38095238095238
recallr : 58.03571428571429
f-meassurer : 66.3265306122449
