precision : 66.49029982363317
recall : 52.6536312849162
f-meassure : 58.76851130163679
precisiond : 65.67164179104478
recalld : 54.6583850931677
f-meassured : 59.66101694915254
precisions : 71.61572052401746
recalls : 52.56410256410257
f-meassures : 60.62846580406655
precisiont : 62.0
recallt : 48.18652849740933
f-meassuret : 54.22740524781341
precisionr : 59.25925925925925
recallr : 64.0
f-meassurer : 61.53846153846153
