precision : 57.32899022801303
recall : 55.43307086614173
f-meassure : 56.36509207365893
precisiond : 70.0
recalld : 59.32203389830508
f-meassured : 64.22018348623853
precisions : 51.9607843137255
recalls : 56.18374558303887
f-meassures : 53.98981324278438
precisiont : 57.599999999999994
recallt : 52.17391304347826
f-meassuret : 54.752851711026615
precisionr : 48.484848484848484
recallr : 43.24324324324324
f-meassurer : 45.71428571428571
