precision : 62.75752773375595
recall : 49.81132075471698
f-meassure : 55.53997194950912
precisiond : 78.52348993288591
recalld : 51.09170305676856
f-meassured : 61.904761904761905
precisions : 52.17391304347826
recalls : 58.2089552238806
f-meassures : 55.026455026455025
precisiont : 62.698412698412696
recallt : 36.23853211009174
f-meassuret : 45.93023255813953
precisionr : 77.19298245614034
recallr : 55.00000000000001
f-meassurer : 64.23357664233576
