precision : 55.49295774647888
recall : 57.26744186046512
f-meassure : 56.36623748211732
precisiond : 42.7906976744186
recalld : 60.9271523178808
f-meassured : 50.27322404371585
precisions : 64.2570281124498
recalls : 65.84362139917695
f-meassures : 65.04065040650407
precisiont : 60.752688172043015
recallt : 44.31372549019608
f-meassuret : 51.24716553287982
precisionr : 48.333333333333336
recallr : 74.35897435897436
f-meassurer : 58.58585858585859
