precision : 72.01986754966887
recall : 59.10326086956522
f-meassure : 64.92537313432835
precisiond : 72.77777777777777
recalld : 71.58469945355192
f-meassured : 72.1763085399449
precisions : 78.99543378995433
recalls : 57.284768211920536
f-meassures : 66.41074856046066
precisiont : 63.92405063291139
recallt : 48.55769230769231
f-meassuret : 55.19125683060109
precisionr : 63.829787234042556
recallr : 69.76744186046511
f-meassurer : 66.66666666666667
