precision : 61.78861788617886
recall : 54.91329479768786
f-meassure : 58.14843152257077
precisiond : 75.0
recalld : 65.75342465753424
f-meassured : 70.07299270072993
precisions : 68.72586872586872
recalls : 59.53177257525084
f-meassures : 63.79928315412185
precisiont : 45.77114427860697
recallt : 43.80952380952381
f-meassuret : 44.76885644768857
precisionr : 51.85185185185185
recallr : 37.83783783783784
f-meassurer : 43.75
