precision : 67.56272401433692
recall : 51.57318741450069
f-meassure : 58.49495733126456
precisiond : 77.98165137614679
recalld : 53.459119496855344
f-meassured : 63.43283582089552
precisions : 74.01574803149606
recalls : 55.294117647058826
f-meassures : 63.299663299663294
precisiont : 50.0
recallt : 45.294117647058826
f-meassuret : 47.53086419753087
precisionr : 65.85365853658537
recallr : 43.54838709677419
f-meassurer : 52.42718446601942
