precision : 67.5392670157068
recall : 53.013698630136986
f-meassure : 59.40138142747506
precisiond : 74.3421052631579
recalld : 62.430939226519335
f-meassured : 67.86786786786787
precisions : 68.65671641791045
recalls : 46.308724832214764
f-meassures : 55.31062124248497
precisiont : 62.96296296296296
recallt : 52.04081632653062
f-meassuret : 56.98324022346369
precisionr : 58.620689655172406
recallr : 61.81818181818181
f-meassurer : 60.17699115044247
