precision : 57.643758765778394
recall : 59.13669064748201
f-meassure : 58.380681818181806
precisiond : 70.32967032967034
recalld : 68.44919786096256
f-meassured : 69.37669376693766
precisions : 63.665594855305464
recalls : 65.34653465346535
f-meassures : 64.49511400651467
precisiont : 30.89887640449438
recallt : 34.59119496855346
f-meassuret : 32.640949554896146
precisionr : 71.42857142857143
recallr : 65.21739130434783
f-meassurer : 68.18181818181819
